1.079999923706054688e+00
2.139999866485595703e+00
1.759999990463256836e+00
1.639999985694885254e+00
1.999999955296516418e-02
1.299999952316284180e+00
1.100000023841857910e+00
1.459999918937683105e+00
3.400000035762786865e-01
5.799999833106994629e-01
1.999999955296516418e-02
6.200000047683715820e-01
3.400000035762786865e-01
6.399999856948852539e-01
4.599999785423278809e-01
1.519999980926513672e+00
1.599999904632568359e+00
1.740000009536743164e+00
3.599999845027923584e-01
1.799999952316284180e+00
2.099999904632568359e+00
1.959999918937683105e+00
2.039999961853027344e+00
1.839999914169311523e+00
1.199999973177909851e-01
2.039999961853027344e+00
2.000000000000000000e+00
1.059999942779541016e+00
5.199999809265136719e-01
1.399999976158142090e+00
2.099999904632568359e+00
6.800000071525573730e-01
1.620000004768371582e+00
1.899999976158142090e+00
1.639999985694885254e+00
2.039999961853027344e+00
5.199999809265136719e-01
1.419999957084655762e+00
2.039999961853027344e+00
2.039999961853027344e+00
7.400000095367431641e-01
1.339999914169311523e+00
3.599999845027923584e-01
4.799999892711639404e-01
1.759999990463256836e+00
1.999999880790710449e-01
1.419999957084655762e+00
3.999999761581420898e-01
1.439999938011169434e+00
2.599999904632568359e-01
7.999999821186065674e-02
2.099999904632568359e+00
1.539999961853027344e+00
2.059999942779541016e+00
4.599999785423278809e-01
2.099999904632568359e+00
4.799999892711639404e-01
4.599999785423278809e-01
2.099999904632568359e+00
2.599999904632568359e-01
2.059999942779541016e+00
1.220000028610229492e+00
1.400000005960464478e-01
8.799999952316284180e-01
1.699999928474426270e+00
2.139999866485595703e+00
8.199999928474426270e-01
1.740000009536743164e+00
4.799999892711639404e-01
2.800000011920928955e-01
1.899999976158142090e+00
1.279999971389770508e+00
7.999999821186065674e-02
1.339999914169311523e+00
2.079999923706054688e+00
1.439999938011169434e+00
1.220000028610229492e+00
1.599999964237213135e-01
6.399999856948852539e-01
5.600000023841857910e-01
2.139999866485595703e+00
4.399999976158142090e-01
2.139999866485595703e+00
5.000000000000000000e-01
9.999999403953552246e-02
2.059999942779541016e+00
1.299999952316284180e+00
2.059999942779541016e+00
5.799999833106994629e-01
1.579999923706054688e+00
2.079999923706054688e+00
5.199999809265136719e-01
8.799999952316284180e-01
1.539999961853027344e+00
3.799999952316284180e-01
2.039999961853027344e+00
1.120000004768371582e+00
9.999999403953552246e-02
3.999999761581420898e-01
1.179999947547912598e+00
2.800000011920928955e-01
1.559999942779541016e+00
2.079999923706054688e+00
2.079999923706054688e+00
2.059999942779541016e+00
2.079999923706054688e+00
2.800000011920928955e-01
2.800000011920928955e-01
3.400000035762786865e-01
1.939999938011169434e+00
2.999999821186065674e-01
1.740000009536743164e+00
2.119999885559082031e+00
2.119999885559082031e+00
1.979999899864196777e+00
6.599999666213989258e-01
2.999999821186065674e-01
1.699999928474426270e+00
5.999999865889549255e-02
7.400000095367431641e-01
7.199999690055847168e-01
7.999999523162841797e-01
5.000000000000000000e-01
2.139999866485595703e+00
5.199999809265136719e-01
1.740000009536743164e+00
2.200000047683715820e+00
2.099999904632568359e+00
2.800000011920928955e-01
5.000000000000000000e-01
2.099999904632568359e+00
5.399999618530273438e-01
2.180000066757202148e+00
2.099999904632568359e+00
1.659999966621398926e+00
2.200000047683715820e+00
7.199999690055847168e-01
1.799999922513961792e-01
1.799999922513961792e-01
1.539999961853027344e+00
1.799999952316284180e+00
1.860000014305114746e+00
2.399999946355819702e-01
1.779999971389770508e+00
1.919999957084655762e+00
1.019999980926513672e+00
1.199999928474426270e+00
7.999999523162841797e-01
2.099999904632568359e+00
1.639999985694885254e+00
5.199999809265136719e-01
4.199999868869781494e-01
2.099999904632568359e+00
5.199999809265136719e-01
2.099999904632568359e+00
8.799999952316284180e-01
1.759999990463256836e+00
1.539999961853027344e+00
1.039999961853027344e+00
1.779999971389770508e+00
2.119999885559082031e+00
1.719999909400939941e+00
2.079999923706054688e+00
1.740000009536743164e+00
1.839999914169311523e+00
1.740000009536743164e+00
2.039999961853027344e+00
2.039999961853027344e+00
2.099999904632568359e+00
2.099999904632568359e+00
1.539999961853027344e+00
2.099999904632568359e+00
1.979999899864196777e+00
2.099999904632568359e+00
1.659999966621398926e+00
2.000000000000000000e+00
1.759999990463256836e+00
2.059999942779541016e+00
1.659999966621398926e+00
1.799999922513961792e-01
1.360000014305114746e+00
1.999999955296516418e-02
3.400000035762786865e-01
2.119999885559082031e+00
1.139999985694885254e+00
7.199999690055847168e-01
1.259999990463256836e+00
5.999999865889549255e-02
1.220000028610229492e+00
1.559999942779541016e+00
1.240000009536743164e+00
4.799999892711639404e-01
1.579999923706054688e+00
9.999999403953552246e-02
1.939999938011169434e+00
1.740000009536743164e+00
1.779999971389770508e+00
4.199999868869781494e-01
1.759999990463256836e+00
2.000000000000000000e+00
1.639999985694885254e+00
1.240000009536743164e+00
6.399999856948852539e-01
1.120000004768371582e+00
7.999999523162841797e-01
1.599999964237213135e-01
2.059999942779541016e+00
2.199999988079071045e-01
1.719999909400939941e+00
3.999999910593032837e-02
9.199999570846557617e-01
1.899999976158142090e+00
5.999999865889549255e-02
5.399999618530273438e-01
1.879999995231628418e+00
2.119999885559082031e+00
2.999999821186065674e-01
1.419999957084655762e+00
7.400000095367431641e-01
2.419999837875366211e+00
1.779999971389770508e+00
1.199999973177909851e-01
2.279999971389770508e+00
2.599999904632568359e-01
2.480000019073486328e+00
5.799999833106994629e-01
2.180000066757202148e+00
2.279999971389770508e+00
6.800000071525573730e-01
2.419999837875366211e+00
1.579999923706054688e+00
1.839999914169311523e+00
5.199999809265136719e-01
1.480000019073486328e+00
2.279999971389770508e+00
3.400000035762786865e-01
2.279999971389770508e+00
1.519999980926513672e+00
1.319999933242797852e+00
2.279999971389770508e+00
2.119999885559082031e+00
2.379999876022338867e+00
2.379999876022338867e+00
2.180000066757202148e+00
2.800000011920928955e-01
5.399999618530273438e-01
2.139999866485595703e+00
2.379999876022338867e+00
5.600000023841857910e-01
1.879999995231628418e+00
1.679999947547912598e+00
4.799999892711639404e-01
5.799999833106994629e-01
4.599999785423278809e-01
8.599999547004699707e-01
9.199999570846557617e-01
3.400000035762786865e-01
3.199999928474426270e-01
4.199999868869781494e-01
9.999999403953552246e-02
2.359999895095825195e+00
6.399999856948852539e-01
2.259999990463256836e+00
1.819999933242797852e+00
1.819999933242797852e+00
6.399999856948852539e-01
1.699999928474426270e+00
1.939999938011169434e+00
8.999999761581420898e-01
1.919999957084655762e+00
6.200000047683715820e-01
6.200000047683715820e-01
1.299999952316284180e+00
2.359999895095825195e+00
2.200000047683715820e+00
2.199999988079071045e-01
1.539999961853027344e+00
4.599999785423278809e-01
1.719999909400939941e+00
1.259999990463256836e+00
2.740000009536743164e+00
2.399999946355819702e-01
2.079999923706054688e+00
7.799999713897705078e-01
1.999999955296516418e-02
1.759999990463256836e+00
2.200000047683715820e+00
2.139999866485595703e+00
1.740000009536743164e+00
1.860000014305114746e+00
1.120000004768371582e+00
6.800000071525573730e-01
7.799999713897705078e-01
1.599999964237213135e-01
9.399999976158142090e-01
2.259999990463256836e+00
5.600000023841857910e-01
3.999999910593032837e-02
2.199999988079071045e-01
2.480000019073486328e+00
9.599999785423278809e-01
3.400000035762786865e-01
6.200000047683715820e-01
5.999999865889549255e-02
1.100000023841857910e+00
1.699999928474426270e+00
2.079999923706054688e+00
2.399999946355819702e-01
1.139999985694885254e+00
4.599999785423278809e-01
7.799999713897705078e-01
1.879999995231628418e+00
3.799999952316284180e-01
4.399999976158142090e-01
1.120000004768371582e+00
1.299999952316284180e+00
2.599999904632568359e-01
1.539999961853027344e+00
1.299999952316284180e+00
1.199999973177909851e-01
1.779999971389770508e+00
1.999999880790710449e-01
1.279999971389770508e+00
4.199999868869781494e-01
1.659999966621398926e+00
2.599999904632568359e-01
1.799999952316284180e+00
9.999999403953552246e-02
3.799999952316284180e-01
7.400000095367431641e-01
5.399999618530273438e-01
1.959999918937683105e+00
1.719999909400939941e+00
1.779999971389770508e+00
1.719999909400939941e+00
1.799999952316284180e+00
2.359999895095825195e+00
1.779999971389770508e+00
1.419999957084655762e+00
1.439999938011169434e+00
1.539999961853027344e+00
8.399999737739562988e-01
1.719999909400939941e+00
7.799999713897705078e-01
8.399999737739562988e-01
1.100000023841857910e+00
7.400000095367431641e-01
4.199999868869781494e-01
1.799999952316284180e+00
2.419999837875366211e+00
5.399999618530273438e-01
2.339999914169311523e+00
1.500000000000000000e+00
1.059999942779541016e+00
1.000000000000000000e+00
1.379999995231628418e+00
2.800000011920928955e-01
1.220000028610229492e+00
1.259999990463256836e+00
1.719999909400939941e+00
8.799999952316284180e-01
6.599999666213989258e-01
2.199999988079071045e-01
2.500000000000000000e+00
8.199999928474426270e-01
6.399999856948852539e-01
1.379999995231628418e+00
1.639999985694885254e+00
1.419999957084655762e+00
6.200000047683715820e-01
1.919999957084655762e+00
5.999999642372131348e-01
1.299999952316284180e+00
8.199999928474426270e-01
2.240000009536743164e+00
2.440000057220458984e+00
5.999999865889549255e-02
2.419999837875366211e+00
2.059999942779541016e+00
1.779999971389770508e+00
1.699999928474426270e+00
5.199999809265136719e-01
2.240000009536743164e+00
2.740000009536743164e+00
2.619999885559082031e+00
2.559999942779541016e+00
9.399999976158142090e-01
2.279999971389770508e+00
2.599999904632568359e+00
1.779999971389770508e+00
2.779999971389770508e+00
2.759999990463256836e+00
2.800000011920928955e-01
5.199999809265136719e-01
5.999999642372131348e-01
2.740000009536743164e+00
6.399999856948852539e-01
2.639999866485595703e+00
1.999999880790710449e-01
1.500000000000000000e+00
6.399999856948852539e-01
2.759999990463256836e+00
9.399999976158142090e-01
7.599999904632568359e-01
1.419999957084655762e+00
1.400000005960464478e-01
1.159999966621398926e+00
3.400000035762786865e-01
1.759999990463256836e+00
8.199999928474426270e-01
1.399999976158142090e+00
1.599999964237213135e-01
1.759999990463256836e+00
5.000000000000000000e-01
1.879999995231628418e+00
2.099999904632568359e+00
1.599999904632568359e+00
1.639999985694885254e+00
2.200000047683715820e+00
2.139999866485595703e+00
9.999999403953552246e-02
2.139999866485595703e+00
7.599999904632568359e-01
5.000000000000000000e-01
1.959999918937683105e+00
1.039999961853027344e+00
2.079999923706054688e+00
2.599999904632568359e-01
2.099999904632568359e+00
8.599999547004699707e-01
2.000000000000000000e+00
5.999999865889549255e-02
5.600000023841857910e-01
1.439999938011169434e+00
2.079999923706054688e+00
2.000000000000000000e+00
1.919999957084655762e+00
2.599999904632568359e-01
2.999999821186065674e-01
1.919999957084655762e+00
1.480000019073486328e+00
2.399999946355819702e-01
6.599999666213989258e-01
1.500000000000000000e+00
1.299999952316284180e+00
1.139999985694885254e+00
9.599999785423278809e-01
1.599999904632568359e+00
1.699999928474426270e+00
3.400000035762786865e-01
2.039999961853027344e+00
2.000000000000000000e+00
1.240000009536743164e+00
2.319999933242797852e+00
8.799999952316284180e-01
1.799999952316284180e+00
4.199999868869781494e-01
1.919999957084655762e+00
4.599999785423278809e-01
2.139999866485595703e+00
1.019999980926513672e+00
2.399999946355819702e-01
8.399999737739562988e-01
1.539999961853027344e+00
2.279999971389770508e+00
1.740000009536743164e+00
1.439999938011169434e+00
1.620000004768371582e+00
1.399999976158142090e+00
6.200000047683715820e-01
1.220000028610229492e+00
2.279999971389770508e+00
8.399999737739562988e-01
2.180000066757202148e+00
2.119999885559082031e+00
1.059999942779541016e+00
2.099999904632568359e+00
1.039999961853027344e+00
2.000000000000000000e+00
1.000000000000000000e+00
7.400000095367431641e-01
1.480000019073486328e+00
1.400000005960464478e-01
1.799999952316284180e+00
6.800000071525573730e-01
1.860000014305114746e+00
6.399999856948852539e-01
4.599999785423278809e-01
1.120000004768371582e+00
1.379999995231628418e+00
1.539999961853027344e+00
6.999999880790710449e-01
1.240000009536743164e+00
4.799999892711639404e-01
2.019999980926513672e+00
1.679999947547912598e+00
1.639999985694885254e+00
1.179999947547912598e+00
6.200000047683715820e-01
7.599999904632568359e-01
4.399999976158142090e-01
4.399999976158142090e-01
1.539999961853027344e+00
2.800000011920928955e-01
1.799999922513961792e-01
1.159999966621398926e+00
1.199999928474426270e+00
4.399999976158142090e-01
1.679999947547912598e+00
1.279999971389770508e+00
6.999999880790710449e-01
1.059999942779541016e+00
1.159999966621398926e+00
4.799999892711639404e-01
6.800000071525573730e-01
9.799999594688415527e-01
6.399999856948852539e-01
1.799999952316284180e+00
1.360000014305114746e+00
1.179999947547912598e+00
2.399999856948852539e+00
1.839999914169311523e+00
1.659999966621398926e+00
3.799999952316284180e-01
8.399999737739562988e-01
2.099999904632568359e+00
2.279999971389770508e+00
1.480000019073486328e+00
2.639999866485595703e+00
1.679999947547912598e+00
2.319999933242797852e+00
1.299999952316284180e+00
1.179999947547912598e+00
1.500000000000000000e+00
5.799999833106994629e-01
1.599999964237213135e-01
2.480000019073486328e+00
2.220000028610229492e+00
1.019999980926513672e+00
1.959999918937683105e+00
1.919999957084655762e+00
1.419999957084655762e+00
2.000000000000000000e+00
2.200000047683715820e+00
2.480000019073486328e+00
2.379999876022338867e+00
3.599999845027923584e-01
1.679999947547912598e+00
1.759999990463256836e+00
6.800000071525573730e-01
1.000000000000000000e+00
2.119999885559082031e+00
2.460000038146972656e+00
7.400000095367431641e-01
5.399999618530273438e-01
1.159999966621398926e+00
1.220000028610229492e+00
7.199999690055847168e-01
1.139999985694885254e+00
7.400000095367431641e-01
1.459999918937683105e+00
2.199999988079071045e-01
1.480000019073486328e+00
1.740000009536743164e+00
1.439999938011169434e+00
2.419999837875366211e+00
5.600000023841857910e-01
2.059999942779541016e+00
2.279999971389770508e+00
2.159999847412109375e+00
1.860000014305114746e+00
3.400000035762786865e-01
5.600000023841857910e-01
8.999999761581420898e-01
2.700000047683715820e+00
1.220000028610229492e+00
2.999999821186065674e-01
1.419999957084655762e+00
1.120000004768371582e+00
2.399999856948852539e+00
1.220000028610229492e+00
1.579999923706054688e+00
4.599999785423278809e-01
2.539999961853027344e+00
2.480000019073486328e+00
1.719999909400939941e+00
1.759999990463256836e+00
1.139999985694885254e+00
1.419999957084655762e+00
2.159999847412109375e+00
1.899999976158142090e+00
2.339999914169311523e+00
2.700000047683715820e+00
2.180000066757202148e+00
2.419999837875366211e+00
2.079999923706054688e+00
1.159999966621398926e+00
5.000000000000000000e-01
2.240000009536743164e+00
7.400000095367431641e-01
2.000000000000000000e+00
7.999999523162841797e-01
2.759999990463256836e+00
1.959999918937683105e+00
1.639999985694885254e+00
5.000000000000000000e-01
1.500000000000000000e+00
7.199999690055847168e-01
1.899999976158142090e+00
1.879999995231628418e+00
1.839999914169311523e+00
3.400000035762786865e-01
2.079999923706054688e+00
1.639999985694885254e+00
7.400000095367431641e-01
2.200000047683715820e+00
5.600000023841857910e-01
1.919999957084655762e+00
2.180000066757202148e+00
2.819999933242797852e+00
3.400000035762786865e-01
5.399999618530273438e-01
2.299999952316284180e+00
2.339999914169311523e+00
1.799999922513961792e-01
2.000000000000000000e+00
1.999999955296516418e-02
1.339999914169311523e+00
1.799999952316284180e+00
1.459999918937683105e+00
1.599999964237213135e-01
1.419999957084655762e+00
1.839999914169311523e+00
3.279999971389770508e+00
3.599999845027923584e-01
1.339999914169311523e+00
1.199999928474426270e+00
1.899999976158142090e+00
1.419999957084655762e+00
1.779999971389770508e+00
1.480000019073486328e+00
2.019999980926513672e+00
4.399999976158142090e-01
1.799999922513961792e-01
2.279999971389770508e+00
4.399999976158142090e-01
2.119999885559082031e+00
1.599999904632568359e+00
2.319999933242797852e+00
1.819999933242797852e+00
1.480000019073486328e+00
5.399999618530273438e-01
2.999999821186065674e-01
2.279999971389770508e+00
1.100000023841857910e+00
7.799999713897705078e-01
4.199999868869781494e-01
2.279999971389770508e+00
2.859999895095825195e+00
2.859999895095825195e+00
6.599999666213989258e-01
1.220000028610229492e+00
9.199999570846557617e-01
2.779999971389770508e+00
1.659999966621398926e+00
6.399999856948852539e-01
1.079999923706054688e+00
2.039999961853027344e+00
1.220000028610229492e+00
3.999999910593032837e-02
4.399999976158142090e-01
7.599999904632568359e-01
1.759999990463256836e+00
1.079999923706054688e+00
2.800000011920928955e-01
1.819999933242797852e+00
1.159999966621398926e+00
1.599999904632568359e+00
6.999999880790710449e-01
8.799999952316284180e-01
1.139999985694885254e+00
7.999999523162841797e-01
1.199999973177909851e-01
1.599999904632568359e+00
1.459999918937683105e+00
1.419999957084655762e+00
1.139999985694885254e+00
2.259999990463256836e+00
1.079999923706054688e+00
4.399999976158142090e-01
2.379999876022338867e+00
5.999999642372131348e-01
9.599999785423278809e-01
1.679999947547912598e+00
2.379999876022338867e+00
2.259999990463256836e+00
4.199999868869781494e-01
2.319999933242797852e+00
3.599999845027923584e-01
5.199999809265136719e-01
2.180000066757202148e+00
2.199999988079071045e-01
1.839999914169311523e+00
2.079999923706054688e+00
1.979999899864196777e+00
6.999999880790710449e-01
2.800000011920928955e-01
1.699999928474426270e+00
1.360000014305114746e+00
1.240000009536743164e+00
1.919999957084655762e+00
1.439999938011169434e+00
2.599999904632568359e+00
2.800000011920928955e-01
6.200000047683715820e-01
2.119999885559082031e+00
1.939999938011169434e+00
1.599999904632568359e+00
1.039999961853027344e+00
2.619999885559082031e+00
1.120000004768371582e+00
2.159999847412109375e+00
1.240000009536743164e+00
2.379999876022338867e+00
2.079999923706054688e+00
2.159999847412109375e+00
2.599999904632568359e-01
7.599999904632568359e-01
2.000000000000000000e+00
1.000000000000000000e+00
2.000000000000000000e+00
1.079999923706054688e+00
1.299999952316284180e+00
1.199999928474426270e+00
2.019999980926513672e+00
5.799999833106994629e-01
1.579999923706054688e+00
7.400000095367431641e-01
3.799999952316284180e-01
2.039999961853027344e+00
6.999999880790710449e-01
2.299999952316284180e+00
1.400000005960464478e-01
1.299999952316284180e+00
2.259999990463256836e+00
7.599999904632568359e-01
1.519999980926513672e+00
8.599999547004699707e-01
1.400000005960464478e-01
1.919999957084655762e+00
1.220000028610229492e+00
1.480000019073486328e+00
1.179999947547912598e+00
1.559999942779541016e+00
5.000000000000000000e-01
2.579999923706054688e+00
6.800000071525573730e-01
7.799999713897705078e-01
1.159999966621398926e+00
6.800000071525573730e-01
7.799999713897705078e-01
1.779999971389770508e+00
2.139999866485595703e+00
1.539999961853027344e+00
1.539999961853027344e+00
2.519999980926513672e+00
1.679999947547912598e+00
2.500000000000000000e+00
6.599999666213989258e-01
1.439999938011169434e+00
2.359999895095825195e+00
9.599999785423278809e-01
1.999999880790710449e-01
2.859999895095825195e+00
1.699999928474426270e+00
2.619999885559082031e+00
1.439999938011169434e+00
2.859999895095825195e+00
9.399999976158142090e-01
6.200000047683715820e-01
1.139999985694885254e+00
1.039999961853027344e+00
1.159999966621398926e+00
2.519999980926513672e+00
1.299999952316284180e+00
1.819999933242797852e+00
2.079999923706054688e+00
3.400000035762786865e-01
2.359999895095825195e+00
7.999999523162841797e-01
1.019999980926513672e+00
1.019999980926513672e+00
1.399999976158142090e+00
2.740000009536743164e+00
2.460000038146972656e+00
9.199999570846557617e-01
5.799999833106994629e-01
2.419999837875366211e+00
5.600000023841857910e-01
6.800000071525573730e-01
1.039999961853027344e+00
6.599999666213989258e-01
2.779999971389770508e+00
6.800000071525573730e-01
1.079999923706054688e+00
1.379999995231628418e+00
1.379999995231628418e+00
2.819999933242797852e+00
5.600000023841857910e-01
2.839999914169311523e+00
6.999999880790710449e-01
9.199999570846557617e-01
4.199999868869781494e-01
1.500000000000000000e+00
1.419999957084655762e+00
1.419999957084655762e+00
1.419999957084655762e+00
6.999999880790710449e-01
1.899999976158142090e+00
1.360000014305114746e+00
2.180000066757202148e+00
1.620000004768371582e+00
1.179999947547912598e+00
4.799999892711639404e-01
8.399999737739562988e-01
5.799999833106994629e-01
5.199999809265136719e-01
1.620000004768371582e+00
1.079999923706054688e+00
2.639999866485595703e+00
7.599999904632568359e-01
4.399999976158142090e-01
3.199999928474426270e-01
1.879999995231628418e+00
1.719999909400939941e+00
7.999999523162841797e-01
5.600000023841857910e-01
2.579999923706054688e+00
6.399999856948852539e-01
1.819999933242797852e+00
3.999999761581420898e-01
1.240000009536743164e+00
1.819999933242797852e+00
2.440000057220458984e+00
1.339999914169311523e+00
2.319999933242797852e+00
5.799999833106994629e-01
1.699999928474426270e+00
2.599999904632568359e+00
1.819999933242797852e+00
2.519999980926513672e+00
1.539999961853027344e+00
1.799999952316284180e+00
8.399999737739562988e-01
1.779999971389770508e+00
2.700000047683715820e+00
1.459999918937683105e+00
3.019999980926513672e+00
1.240000009536743164e+00
2.119999885559082031e+00
2.180000066757202148e+00
1.319999933242797852e+00
1.799999922513961792e-01
2.619999885559082031e+00
1.679999947547912598e+00
5.199999809265136719e-01
1.919999957084655762e+00
3.139999866485595703e+00
1.719999909400939941e+00
8.399999737739562988e-01
7.599999904632568359e-01
1.740000009536743164e+00
2.079999923706054688e+00
5.399999618530273438e-01
9.999999403953552246e-02
2.059999942779541016e+00
2.399999946355819702e-01
2.000000000000000000e+00
3.119999885559082031e+00
1.819999933242797852e+00
4.599999785423278809e-01
2.539999961853027344e+00
3.599999845027923584e-01
2.139999866485595703e+00
2.859999895095825195e+00
3.400000035762786865e-01
4.199999868869781494e-01
2.159999847412109375e+00
2.399999856948852539e+00
2.399999856948852539e+00
8.199999928474426270e-01
9.799999594688415527e-01
2.099999904632568359e+00
2.139999866485595703e+00
2.759999990463256836e+00
2.200000047683715820e+00
8.199999928474426270e-01
7.599999904632568359e-01
5.399999618530273438e-01
2.899999856948852539e+00
3.279999971389770508e+00
5.000000000000000000e-01
2.579999923706054688e+00
5.000000000000000000e-01
2.599999904632568359e-01
2.460000038146972656e+00
7.599999904632568359e-01
1.939999938011169434e+00
2.879999876022338867e+00
3.500000000000000000e+00
3.379999876022338867e+00
8.399999737739562988e-01
1.240000009536743164e+00
3.119999885559082031e+00
4.599999785423278809e-01
2.779999971389770508e+00
2.939999818801879883e+00
1.500000000000000000e+00
5.399999618530273438e-01
1.899999976158142090e+00
6.599999666213989258e-01
1.839999914169311523e+00
1.559999942779541016e+00
1.579999923706054688e+00
1.579999923706054688e+00
5.399999618530273438e-01
6.999999880790710449e-01
1.220000028610229492e+00
1.599999904632568359e+00
1.639999985694885254e+00
7.199999690055847168e-01
1.599999904632568359e+00
7.599999904632568359e-01
2.139999866485595703e+00
1.360000014305114746e+00
2.779999971389770508e+00
2.200000047683715820e+00
2.199999988079071045e-01
2.619999885559082031e+00
7.999999523162841797e-01
2.000000000000000000e+00
1.039999961853027344e+00
5.999999642372131348e-01
2.299999952316284180e+00
2.639999866485595703e+00
2.279999971389770508e+00
1.279999971389770508e+00
1.179999947547912598e+00
2.059999942779541016e+00
2.159999847412109375e+00
2.279999971389770508e+00
1.819999933242797852e+00
6.800000071525573730e-01
1.379999995231628418e+00
1.159999966621398926e+00
1.120000004768371582e+00
1.799999922513961792e-01
2.599999904632568359e+00
1.719999909400939941e+00
1.419999957084655762e+00
2.659999847412109375e+00
3.199999928474426270e-01
2.720000028610229492e+00
6.200000047683715820e-01
2.639999866485595703e+00
5.399999618530273438e-01
1.199999973177909851e-01
1.979999899864196777e+00
8.199999928474426270e-01
3.599999845027923584e-01
5.600000023841857910e-01
9.799999594688415527e-01
1.939999938011169434e+00
9.599999785423278809e-01
2.399999946355819702e-01
4.599999785423278809e-01
1.799999952316284180e+00
6.200000047683715820e-01
2.720000028610229492e+00
1.599999904632568359e+00
2.039999961853027344e+00
2.919999837875366211e+00
5.600000023841857910e-01
2.839999914169311523e+00
2.639999866485595703e+00
1.419999957084655762e+00
4.399999976158142090e-01
2.039999961853027344e+00
1.100000023841857910e+00
8.199999928474426270e-01
1.919999957084655762e+00
1.139999985694885254e+00
2.119999885559082031e+00
1.799999922513961792e-01
1.599999964237213135e-01
8.599999547004699707e-01
2.259999990463256836e+00
1.759999990463256836e+00
1.120000004768371582e+00
2.240000009536743164e+00
2.039999961853027344e+00
1.659999966621398926e+00
3.799999952316284180e-01
9.599999785423278809e-01
2.119999885559082031e+00
5.600000023841857910e-01
2.999999821186065674e-01
4.599999785423278809e-01
2.419999837875366211e+00
1.559999942779541016e+00
1.860000014305114746e+00
2.579999923706054688e+00
1.379999995231628418e+00
2.419999837875366211e+00
5.999999865889549255e-02
1.979999899864196777e+00
1.039999961853027344e+00
3.199999809265136719e+00
1.659999966621398926e+00
3.039999961853027344e+00
3.699999809265136719e+00
1.519999980926513672e+00
1.819999933242797852e+00
3.559999942779541016e+00
1.459999918937683105e+00
5.999999642372131348e-01
1.139999985694885254e+00
9.199999570846557617e-01
7.199999690055847168e-01
1.679999947547912598e+00
4.399999976158142090e-01
3.400000035762786865e-01
1.639999985694885254e+00
3.199999928474426270e-01
1.480000019073486328e+00
6.200000047683715820e-01
1.419999957084655762e+00
7.400000095367431641e-01
1.139999985694885254e+00
2.839999914169311523e+00
1.699999928474426270e+00
3.039999961853027344e+00
1.379999995231628418e+00
1.039999961853027344e+00
1.480000019073486328e+00
1.620000004768371582e+00
6.399999856948852539e-01
2.599999904632568359e-01
1.419999957084655762e+00
1.100000023841857910e+00
2.299999952316284180e+00
1.639999985694885254e+00
3.220000028610229492e+00
1.919999957084655762e+00
9.799999594688415527e-01
5.799999833106994629e-01
4.399999976158142090e-01
1.819999933242797852e+00
3.240000009536743164e+00
1.860000014305114746e+00
3.240000009536743164e+00
1.000000000000000000e+00
3.799999952316284180e-01
2.879999876022338867e+00
6.999999880790710449e-01
1.480000019073486328e+00
1.019999980926513672e+00
2.379999876022338867e+00
3.139999866485595703e+00
1.740000009536743164e+00
1.000000000000000000e+00
1.699999928474426270e+00
1.759999990463256836e+00
4.799999892711639404e-01
8.999999761581420898e-01
1.139999985694885254e+00
6.599999666213989258e-01
3.019999980926513672e+00
2.259999990463256836e+00
6.399999856948852539e-01
1.559999942779541016e+00
4.399999976158142090e-01
1.599999964237213135e-01
2.819999933242797852e+00
1.339999914169311523e+00
1.679999947547912598e+00
2.700000047683715820e+00
1.120000004768371582e+00
4.599999785423278809e-01
9.799999594688415527e-01
3.259999990463256836e+00
1.919999957084655762e+00
3.460000038146972656e+00
1.539999961853027344e+00
1.959999918937683105e+00
2.399999856948852539e+00
2.460000038146972656e+00
2.740000009536743164e+00
1.919999957084655762e+00
2.599999904632568359e-01
6.399999856948852539e-01
3.400000035762786865e-01
1.979999899864196777e+00
1.059999942779541016e+00
6.599999666213989258e-01
3.400000035762786865e-01
2.839999914169311523e+00
1.019999980926513672e+00
3.279999971389770508e+00
4.420000076293945312e+00
2.240000009536743164e+00
8.599999547004699707e-01
8.199999928474426270e-01
2.039999961853027344e+00
7.999999523162841797e-01
2.099999904632568359e+00
3.500000000000000000e+00
1.519999980926513672e+00
2.740000009536743164e+00
8.199999928474426270e-01
1.679999947547912598e+00
1.759999990463256836e+00
2.220000028610229492e+00
3.999999910593032837e-02
9.599999785423278809e-01
2.919999837875366211e+00
2.480000019073486328e+00
1.240000009536743164e+00
2.559999942779541016e+00
2.119999885559082031e+00
2.619999885559082031e+00
2.359999895095825195e+00
1.879999995231628418e+00
1.939999938011169434e+00
1.199999928474426270e+00
2.500000000000000000e+00
3.579999923706054688e+00
2.220000028610229492e+00
7.599999904632568359e-01
1.199999973177909851e-01
4.799999892711639404e-01
1.360000014305114746e+00
2.579999923706054688e+00
2.359999895095825195e+00
7.199999690055847168e-01
1.860000014305114746e+00
2.399999856948852539e+00
7.999999523162841797e-01
1.399999976158142090e+00
1.100000023841857910e+00
6.200000047683715820e-01
1.279999971389770508e+00
2.559999942779541016e+00
1.299999952316284180e+00
1.959999918937683105e+00
2.480000019073486328e+00
2.159999847412109375e+00
3.559999942779541016e+00
3.959999799728393555e+00
6.999999880790710449e-01
8.599999547004699707e-01
6.800000071525573730e-01
2.440000057220458984e+00
3.799999952316284180e-01
1.059999942779541016e+00
1.220000028610229492e+00
3.799999952316284180e+00
4.079999923706054688e+00
8.999999761581420898e-01
2.139999866485595703e+00
7.999999523162841797e-01
9.599999785423278809e-01
2.099999904632568359e+00
2.619999885559082031e+00
2.599999904632568359e-01
7.199999690055847168e-01
1.899999976158142090e+00
3.299999952316284180e+00
7.999999523162841797e-01
7.799999713897705078e-01
1.899999976158142090e+00
2.220000028610229492e+00
2.599999904632568359e+00
3.099999904632568359e+00
2.119999885559082031e+00
1.179999947547912598e+00
2.440000057220458984e+00
8.599999547004699707e-01
2.639999866485595703e+00
2.579999923706054688e+00
2.279999971389770508e+00
1.979999899864196777e+00
5.199999809265136719e-01
1.659999966621398926e+00
2.019999980926513672e+00
2.220000028610229492e+00
2.659999847412109375e+00
1.999999955296516418e-02
2.019999980926513672e+00
1.959999918937683105e+00
3.400000035762786865e-01
2.639999866485595703e+00
4.599999785423278809e-01
2.339999914169311523e+00
1.199999973177909851e-01
2.859999895095825195e+00
1.719999909400939941e+00
1.860000014305114746e+00
2.119999885559082031e+00
2.980000019073486328e+00
2.279999971389770508e+00
2.500000000000000000e+00
2.180000066757202148e+00
1.059999942779541016e+00
1.480000019073486328e+00
3.119999885559082031e+00
1.620000004768371582e+00
7.599999904632568359e-01
2.019999980926513672e+00
3.000000000000000000e+00
8.799999952316284180e-01
1.599999964237213135e-01
1.199999973177909851e-01
9.999999403953552246e-02
8.399999737739562988e-01
5.799999833106994629e-01
2.339999914169311523e+00
3.400000035762786865e-01
1.740000009536743164e+00
7.400000095367431641e-01
2.139999866485595703e+00
1.679999947547912598e+00
2.059999942779541016e+00
1.100000023841857910e+00
3.199999928474426270e-01
3.199999928474426270e-01
5.799999833106994629e-01
4.399999976158142090e-01
1.799999952316284180e+00
1.679999947547912598e+00
2.200000047683715820e+00
1.000000000000000000e+00
1.679999947547912598e+00
1.439999938011169434e+00
2.759999990463256836e+00
3.019999980926513672e+00
2.779999971389770508e+00
1.500000000000000000e+00
3.000000000000000000e+00
2.500000000000000000e+00
2.899999856948852539e+00
2.619999885559082031e+00
2.939999818801879883e+00
1.419999957084655762e+00
2.500000000000000000e+00
1.100000023841857910e+00
2.559999942779541016e+00
2.839999914169311523e+00
9.199999570846557617e-01
2.679999828338623047e+00
2.159999847412109375e+00
6.599999666213989258e-01
2.119999885559082031e+00
1.919999957084655762e+00
3.359999895095825195e+00
3.119999885559082031e+00
1.259999990463256836e+00
8.199999928474426270e-01
3.419999837875366211e+00
2.799999952316284180e+00
1.179999947547912598e+00
1.719999909400939941e+00
6.200000047683715820e-01
2.379999876022338867e+00
2.899999856948852539e+00
3.139999866485595703e+00
5.999999642372131348e-01
5.399999618530273438e-01
1.159999966621398926e+00
2.000000000000000000e+00
2.799999952316284180e+00
3.079999923706054688e+00
2.879999876022338867e+00
2.000000000000000000e+00
2.099999904632568359e+00
2.240000009536743164e+00
3.159999847412109375e+00
1.579999923706054688e+00
2.759999990463256836e+00
2.879999876022338867e+00
2.059999942779541016e+00
1.779999971389770508e+00
1.220000028610229492e+00
2.939999818801879883e+00
1.159999966621398926e+00
2.240000009536743164e+00
3.019999980926513672e+00
1.839999914169311523e+00
6.599999666213989258e-01
1.259999990463256836e+00
2.679999828338623047e+00
3.319999933242797852e+00
1.659999966621398926e+00
1.919999957084655762e+00
4.199999868869781494e-01
9.799999594688415527e-01
4.199999868869781494e-01
6.800000071525573730e-01
2.240000009536743164e+00
2.220000028610229492e+00
1.339999914169311523e+00
1.839999914169311523e+00
1.799999952316284180e+00
1.839999914169311523e+00
2.039999961853027344e+00
2.839999914169311523e+00
1.279999971389770508e+00
1.459999918937683105e+00
2.700000047683715820e+00
1.019999980926513672e+00
6.599999666213989258e-01
1.559999942779541016e+00
1.419999957084655762e+00
1.579999923706054688e+00
2.399999946355819702e-01
2.440000057220458984e+00
3.019999980926513672e+00
9.199999570846557617e-01
2.939999818801879883e+00
8.199999928474426270e-01
2.859999895095825195e+00
2.180000066757202148e+00
2.859999895095825195e+00
3.999999761581420898e-01
2.099999904632568359e+00
