1.348251700401306152e+00
2.477698564529418945e+00
2.268379628658294678e-01
1.569219589233398438e+00
1.863081902265548706e-01
1.712367773056030273e+00
1.376830577850341797e+00
8.994022607803344727e-01
1.566832542419433594e+00
1.402001023292541504e+00
9.438611268997192383e-01
1.081189870834350586e+00
8.091767430305480957e-01
8.237850666046142578e-01
1.293872594833374023e+00
1.949841141700744629e+00
1.512650251388549805e+00
1.434260845184326172e+00
6.045280098915100098e-01
1.125927209854125977e+00
3.455838918685913086e+00
1.806017637252807617e+00
8.062550425529479980e-01
6.038871407508850098e-01
6.643909215927124023e-01
1.260003805160522461e+00
4.752150058746337891e+00
1.674187183380126953e+00
7.759724855422973633e-01
2.266913414001464844e+00
1.198677182197570801e+00
1.212654709815979004e+00
1.816640496253967285e+00
2.518669605255126953e+00
2.458762407302856445e+00
5.602896809577941895e-01
1.086410760879516602e+00
1.971232295036315918e+00
1.840966463088989258e+00
4.060781896114349365e-01
1.542994976043701172e+00
2.343434333801269531e+00
1.648967027664184570e+00
9.937627911567687988e-01
2.600893020629882812e+00
8.717367053031921387e-01
6.943416595458984375e-01
1.085225701332092285e+00
2.283552885055541992e+00
6.599052548408508301e-01
6.436001658439636230e-01
3.840841531753540039e+00
1.633103251457214355e+00
2.949618816375732422e+00
7.327939271926879883e-01
1.999049037694931030e-01
9.869699478149414062e-01
1.391307353973388672e+00
4.034749984741210938e+00
2.136112749576568604e-01
2.013687372207641602e+00
2.208059787750244141e+00
6.516020894050598145e-01
8.142437934875488281e-01
2.271467447280883789e+00
3.660134792327880859e+00
1.770585775375366211e+00
2.042263507843017578e+00
8.811270594596862793e-01
4.339755177497863770e-01
1.471094131469726562e+00
1.298321723937988281e+00
6.600646972656250000e-01
1.432510733604431152e+00
2.198707103729248047e+00
1.254865169525146484e+00
7.972519397735595703e-01
1.529449939727783203e+00
7.745250463485717773e-01
1.364046096801757812e+00
2.138246774673461914e+00
6.614060401916503906e-01
2.873392820358276367e+00
9.022809863090515137e-01
8.758265376091003418e-01
1.095024228096008301e+00
1.188615798950195312e+00
3.262555360794067383e+00
1.189644813537597656e+00
1.473946094512939453e+00
1.420519590377807617e+00
1.274672627449035645e+00
1.649672389030456543e+00
1.144355177879333496e+00
1.224185585975646973e+00
2.140824079513549805e+00
1.191294908523559570e+00
3.702865540981292725e-01
1.105541467666625977e+00
1.425822138786315918e+00
9.336299896240234375e-01
2.022571563720703125e+00
1.637829422950744629e+00
2.875734567642211914e+00
3.502341508865356445e+00
1.550666332244873047e+00
8.062722682952880859e-01
4.830937981605529785e-01
1.231363773345947266e+00
2.897035837173461914e+00
8.752497434616088867e-01
2.661117792129516602e+00
2.652786016464233398e+00
3.298297405242919922e+00
1.787785053253173828e+00
1.664531469345092773e+00
7.990822196006774902e-01
1.938676595687866211e+00
3.951233029365539551e-01
1.227089524269104004e+00
1.663796067237854004e+00
5.491922497749328613e-01
5.259164571762084961e-01
2.002329826354980469e+00
7.073678970336914062e-01
1.126924633979797363e+00
2.445278406143188477e+00
2.030271053314208984e+00
1.088803172111511230e+00
9.172736406326293945e-01
3.261695861816406250e+00
9.822139143943786621e-01
2.582455635070800781e+00
2.476717948913574219e+00
2.055793523788452148e+00
2.070219755172729492e+00
1.709762096405029297e+00
3.650570809841156006e-01
6.020649075508117676e-01
1.710384368896484375e+00
1.909545660018920898e+00
2.358200788497924805e+00
7.292555570602416992e-01
3.358316421508789062e+00
9.716156125068664551e-01
1.552314519882202148e+00
1.954849720001220703e+00
6.818569302558898926e-01
1.886066675186157227e+00
1.556583881378173828e+00
8.347899913787841797e-01
4.911402165889739990e-01
2.330576419830322266e+00
1.099225878715515137e+00
2.528567075729370117e+00
1.937887072563171387e+00
2.336778402328491211e+00
2.885518789291381836e+00
1.342885851860046387e+00
8.308488726615905762e-01
5.907857418060302734e-01
3.083740472793579102e+00
2.032026052474975586e+00
1.730410695075988770e+00
1.098617672920227051e+00
1.539371252059936523e+00
3.018534660339355469e+00
2.979553222656250000e+00
1.729294776916503906e+00
3.270627260208129883e+00
1.202970743179321289e+00
1.546391248703002930e+00
2.536977767944335938e+00
1.260278463363647461e+00
8.484058380126953125e-01
1.448230385780334473e+00
1.662690281867980957e+00
2.964163303375244141e+00
1.864296436309814453e+00
4.581509828567504883e-01
1.640686750411987305e+00
7.273117303848266602e-01
1.126667976379394531e+00
1.458968162536621094e+00
1.168231010437011719e+00
1.768875837326049805e+00
1.525007247924804688e+00
3.147073686122894287e-01
1.418450713157653809e+00
1.991047263145446777e+00
1.207817196846008301e+00
8.352891802787780762e-01
1.921926140785217285e+00
3.941076993942260742e-01
1.659835815429687500e+00
7.386135458946228027e-01
1.535197973251342773e+00
9.706879258155822754e-01
1.646391749382019043e+00
1.096336007118225098e+00
1.508745670318603516e+00
1.853757023811340332e+00
1.065026044845581055e+00
9.907401204109191895e-01
1.656571388244628906e+00
8.054029941558837891e-01
2.182063817977905273e+00
7.756884098052978516e-01
1.755723237991333008e+00
7.986901402473449707e-01
1.869171380996704102e+00
2.120943069458007812e+00
7.797974944114685059e-01
1.442809581756591797e+00
1.193470120429992676e+00
6.547885537147521973e-01
6.306172609329223633e-01
2.464691162109375000e+00
8.300219178199768066e-01
3.499867916107177734e+00
1.550599098205566406e+00
1.140597105026245117e+00
3.373679399490356445e+00
7.662825584411621094e-01
7.495838403701782227e-01
1.317854881286621094e+00
1.938047885894775391e+00
2.840672016143798828e+00
1.313685536384582520e+00
2.151530265808105469e+00
1.201729774475097656e+00
1.954349756240844727e+00
1.291551947593688965e+00
1.837162256240844727e+00
1.614439964294433594e+00
5.161985158920288086e-01
2.452909946441650391e+00
1.334591388702392578e+00
1.276140093803405762e+00
1.916695833206176758e+00
2.878347158432006836e+00
2.707200288772583008e+00
2.858022451400756836e+00
3.122953414916992188e+00
6.076669692993164062e-01
1.235397338867187500e+00
2.149563550949096680e+00
2.819519042968750000e+00
1.735952019691467285e+00
2.920312166213989258e+00
1.121366858482360840e+00
1.683336734771728516e+00
1.429880261421203613e+00
6.955758929252624512e-01
1.526325464248657227e+00
5.969455242156982422e-01
9.904817938804626465e-01
5.653282999992370605e-01
1.028759956359863281e+00
4.914088547229766846e-01
1.755977630615234375e+00
1.523813009262084961e+00
1.775426149368286133e+00
1.086487054824829102e+00
3.939201593399047852e+00
1.025216102600097656e+00
1.378365039825439453e+00
1.791472196578979492e+00
1.855396270751953125e+00
2.145573616027832031e+00
1.610906600952148438e+00
5.432245731353759766e-01
1.384526848793029785e+00
2.262510776519775391e+00
2.490610361099243164e+00
7.953651547431945801e-01
1.741756916046142578e+00
1.013279318809509277e+00
1.284063577651977539e+00
1.406801104545593262e+00
2.639941930770874023e+00
4.842765331268310547e-01
1.408710002899169922e+00
1.702134013175964355e+00
5.296239256858825684e-01
1.583358407020568848e+00
2.794065713882446289e+00
1.961282134056091309e+00
1.774789929389953613e+00
1.573247790336608887e+00
2.061179161071777344e+00
1.671175122261047363e+00
8.364850282669067383e-01
6.650430560111999512e-01
1.557274580001831055e+00
2.323606252670288086e+00
1.427446484565734863e+00
1.293045997619628906e+00
9.001229405403137207e-01
4.202107906341552734e+00
1.811805009841918945e+00
1.455127120018005371e+00
1.006801843643188477e+00
4.009857177734375000e-01
1.552638411521911621e+00
2.634472370147705078e+00
3.556077957153320312e+00
9.533163905143737793e-01
2.925212621688842773e+00
9.735879302024841309e-01
6.121556758880615234e-01
1.439177751541137695e+00
8.370491266250610352e-01
6.531041264533996582e-01
1.088101029396057129e+00
1.084297895431518555e+00
1.112182259559631348e+00
1.456528902053833008e+00
1.846458554267883301e+00
8.339356780052185059e-01
8.181101083755493164e-01
9.468510150909423828e-01
2.383124381303787231e-01
8.444681763648986816e-01
2.894395589828491211e+00
5.191438198089599609e-01
4.579709053039550781e+00
4.216152727603912354e-01
9.903969764709472656e-01
1.294772148132324219e+00
1.209955453872680664e+00
4.083019733428955078e+00
3.072182655334472656e+00
2.197600603103637695e+00
2.211580276489257812e+00
1.857484459877014160e+00
2.471955537796020508e+00
1.066297292709350586e+00
1.764447450637817383e+00
1.475357055664062500e+00
1.496570706367492676e+00
1.454865097999572754e+00
1.997100949287414551e+00
1.747190833091735840e+00
1.881577253341674805e+00
1.309722781181335449e+00
1.083542227745056152e+00
1.334428071975708008e+00
1.333780646324157715e+00
2.895793914794921875e+00
3.142119050025939941e-01
2.088330268859863281e+00
2.089483976364135742e+00
9.525521397590637207e-01
8.470696806907653809e-01
2.017491340637207031e+00
1.298333883285522461e+00
1.888014316558837891e+00
1.837350964546203613e+00
1.204188346862792969e+00
1.555339336395263672e+00
9.678730368614196777e-01
4.020309448242187500e-01
2.148475646972656250e+00
1.213598966598510742e+00
1.380617260932922363e+00
1.233940720558166504e+00
1.473116040229797363e+00
1.236008524894714355e+00
6.993312239646911621e-01
2.337281405925750732e-01
1.605194956064224243e-01
1.590535402297973633e+00
1.530952811241149902e+00
1.949251413345336914e+00
1.579014778137207031e+00
4.418335258960723877e-01
1.417861342430114746e+00
2.929823398590087891e+00
1.894352555274963379e+00
2.453390598297119141e+00
1.143960714340209961e+00
1.429617285728454590e+00
1.275528669357299805e+00
1.294536113739013672e+00
2.842959165573120117e+00
1.625783324241638184e+00
1.190677762031555176e+00
1.163832068443298340e+00
1.659804821014404297e+00
4.695415496826171875e+00
2.875813722610473633e+00
1.050916194915771484e+00
7.986195683479309082e-01
8.926122188568115234e-01
4.254740715026855469e+00
1.119868755340576172e+00
7.509987354278564453e-01
4.340889453887939453e-01
2.127742290496826172e+00
8.240031003952026367e-01
1.239773988723754883e+00
1.065898060798645020e+00
6.503756046295166016e-01
2.175860106945037842e-01
2.237054705619812012e-01
1.277503490447998047e+00
5.039390921592712402e-01
2.050808906555175781e+00
1.382889151573181152e+00
1.293164491653442383e+00
5.645910501480102539e-01
2.411219120025634766e+00
6.484304666519165039e-01
1.024827718734741211e+00
9.305582046508789062e-01
1.717598676681518555e+00
1.762282013893127441e+00
2.875412702560424805e+00
4.405230045318603516e+00
4.954438507556915283e-01
1.277925729751586914e+00
4.130737483501434326e-01
1.061017274856567383e+00
2.030158519744873047e+00
2.027896165847778320e+00
2.448697328567504883e+00
5.442296266555786133e-01
6.843161582946777344e-01
5.131233334541320801e-01
8.462386727333068848e-01
3.557786643505096436e-01
1.288041949272155762e+00
1.253514885902404785e+00
1.601445317268371582e+00
2.146318435668945312e+00
2.972689568996429443e-01
9.447673559188842773e-01
1.415436387062072754e+00
2.404773712158203125e+00
1.638629913330078125e+00
7.583829164505004883e-01
1.591205239295959473e+00
2.178669214248657227e+00
1.966565012931823730e+00
1.243917703628540039e+00
9.578425884246826172e-01
2.388935089111328125e+00
1.679496884346008301e+00
7.925407886505126953e-01
9.648962616920471191e-01
2.154237985610961914e+00
1.317794799804687500e+00
8.604799509048461914e-01
1.214684844017028809e+00
1.896239042282104492e+00
7.117459177970886230e-01
1.300023555755615234e+00
8.196169137954711914e-01
7.799734473228454590e-01
7.162094712257385254e-01
7.537173032760620117e-01
1.101856946945190430e+00
1.274860143661499023e+00
3.567679166793823242e+00
1.867082238197326660e+00
1.007896780967712402e+00
2.780071973800659180e+00
1.094233393669128418e+00
4.925694167613983154e-01
8.897086977958679199e-01
2.869184315204620361e-01
1.035263419151306152e+00
1.885691881179809570e+00
1.301019549369812012e+00
8.989229798316955566e-01
1.200536847114562988e+00
9.874772429466247559e-01
2.299659729003906250e+00
1.488377332687377930e+00
2.239912986755371094e+00
2.919071674346923828e+00
4.276805520057678223e-01
2.482669353485107422e+00
9.084141850471496582e-01
2.644355773925781250e+00
1.259001255035400391e+00
4.486721754074096680e-01
1.165528893470764160e+00
1.208240389823913574e+00
2.266707658767700195e+00
6.454241275787353516e-01
1.814146041870117188e+00
1.300691604614257812e+00
3.253090858459472656e+00
1.691916823387145996e+00
2.380509376525878906e+00
1.352664470672607422e+00
1.040396809577941895e+00
9.890820980072021484e-01
7.820061445236206055e-01
6.405504941940307617e-01
1.083996176719665527e+00
1.334507942199707031e+00
4.268012344837188721e-01
5.915315747261047363e-01
1.918500185012817383e+00
9.452160596847534180e-01
1.535075664520263672e+00
2.380643844604492188e+00
1.618922710418701172e+00
4.990156292915344238e-01
1.257480859756469727e+00
7.450516819953918457e-01
7.682150006294250488e-01
1.256320238113403320e+00
1.023836374282836914e+00
1.641112804412841797e+00
1.219678401947021484e+00
2.308548212051391602e+00
8.540879487991333008e-01
1.888074398040771484e+00
1.824433088302612305e+00
3.063719272613525391e-01
1.294563889503479004e+00
1.139780163764953613e+00
2.217167377471923828e+00
2.019321918487548828e+00
3.323688268661499023e+00
2.074029207229614258e+00
2.134618282318115234e+00
1.753041863441467285e+00
1.601069927215576172e+00
1.998826265335083008e+00
1.069289207458496094e+00
5.909141898155212402e-01
1.412890791893005371e+00
2.588182449340820312e+00
1.304857611656188965e+00
2.469017744064331055e+00
1.235830068588256836e+00
1.404690384864807129e+00
1.079869866371154785e+00
1.010362029075622559e+00
1.035040140151977539e+00
2.054480314254760742e+00
5.947209000587463379e-01
2.111859560012817383e+00
1.953460454940795898e+00
9.584212303161621094e-01
1.579853296279907227e+00
1.761333107948303223e+00
1.190768003463745117e+00
6.946154236793518066e-01
4.952170848846435547e-01
1.045625686645507812e+00
2.028063058853149414e+00
7.498110532760620117e-01
1.882743954658508301e+00
8.142822384834289551e-01
2.856842994689941406e+00
9.320536851882934570e-01
1.334761381149291992e+00
1.230283498764038086e+00
3.380786180496215820e+00
1.699039220809936523e+00
6.445619463920593262e-01
1.507454156875610352e+00
8.410150408744812012e-01
1.429230451583862305e+00
1.099807143211364746e+00
7.906699180603027344e-01
8.604729175567626953e-01
1.193557262420654297e+00
4.365981578826904297e+00
1.132819175720214844e+00
1.285340934991836548e-01
1.594725966453552246e+00
1.746116876602172852e+00
2.136129140853881836e+00
1.903257846832275391e+00
1.087155222892761230e+00
6.056753396987915039e-01
2.403275728225708008e+00
3.851341724395751953e+00
9.247247576713562012e-01
1.576113581657409668e+00
2.334470510482788086e+00
1.262901902198791504e+00
3.604143142700195312e+00
3.228382825851440430e+00
2.328788518905639648e+00
2.822066307067871094e+00
2.185083150863647461e+00
3.608851432800292969e-01
2.628693580627441406e+00
1.174254536628723145e+00
1.765819549560546875e+00
2.025020360946655273e+00
1.231676936149597168e+00
6.287049651145935059e-01
1.249632239341735840e+00
3.895674049854278564e-01
8.854568600654602051e-01
1.364245295524597168e+00
8.466271162033081055e-01
1.766210317611694336e+00
1.271838307380676270e+00
1.638197302818298340e+00
1.653311491012573242e+00
2.643056869506835938e+00
1.134417414665222168e+00
1.667265057563781738e+00
7.126936912536621094e-01
8.196196556091308594e-01
2.333638906478881836e+00
8.230599761009216309e-01
1.192809939384460449e+00
2.396457672119140625e+00
3.300128459930419922e+00
9.604949355125427246e-01
1.179290294647216797e+00
1.704626083374023438e+00
2.226933479309082031e+00
4.180366694927215576e-01
2.185526132583618164e+00
2.374857366085052490e-01
1.432152986526489258e+00
2.909338474273681641e+00
2.053766250610351562e+00
3.886719048023223877e-01
1.431139111518859863e+00
2.560072243213653564e-01
3.474759817123413086e+00
8.772104382514953613e-01
1.732975482940673828e+00
1.062700986862182617e+00
1.722550511360168457e+00
8.541231155395507812e-01
2.244890213012695312e+00
1.743028044700622559e+00
1.896301388740539551e+00
1.333412408828735352e+00
4.647456705570220947e-01
1.655667543411254883e+00
1.280114412307739258e+00
2.341443538665771484e+00
1.745779395103454590e+00
2.424749851226806641e+00
1.080495476722717285e+00
1.215948462486267090e+00
1.058668613433837891e+00
5.486130714416503906e-01
1.660040736198425293e+00
1.044090151786804199e+00
1.348222851753234863e+00
5.838520526885986328e-01
3.074922800064086914e+00
2.420423269271850586e+00
4.561795234680175781e+00
1.212011694908142090e+00
1.538410663604736328e+00
1.090415835380554199e+00
1.857659935951232910e+00
1.750949978828430176e+00
1.116914391517639160e+00
1.553469657897949219e+00
2.092679888010025024e-01
1.038181424140930176e+00
2.474190145730972290e-01
8.890173435211181641e-01
7.456015944480895996e-01
2.471724748611450195e+00
1.284880876541137695e+00
7.499217987060546875e-01
3.234869241714477539e+00
1.991896748542785645e+00
3.996374845504760742e+00
1.048117160797119141e+00
1.385488748550415039e+00
1.541636824607849121e+00
1.282488346099853516e+00
1.190705776214599609e+00
2.391004085540771484e+00
1.446274995803833008e+00
1.590923070907592773e+00
8.810956478118896484e-01
3.966165065765380859e+00
1.074715256690979004e+00
7.446550726890563965e-01
1.191883087158203125e+00
1.122498869895935059e+00
1.597170352935791016e+00
1.452715873718261719e+00
1.744396090507507324e+00
2.962486028671264648e+00
9.123228788375854492e-01
1.773062229156494141e+00
9.471899867057800293e-01
8.789356946945190430e-01
1.417381048202514648e+00
1.197475433349609375e+00
1.248914837837219238e+00
1.839038252830505371e+00
2.831473588943481445e+00
9.071822762489318848e-01
1.367116689682006836e+00
2.413705348968505859e+00
3.188758134841918945e+00
1.740442633628845215e+00
1.531831264495849609e+00
5.650063157081604004e-01
3.111653327941894531e+00
8.151132464408874512e-01
1.468594193458557129e+00
2.372136831283569336e+00
1.490993499755859375e+00
1.010102987289428711e+00
1.427664399147033691e+00
2.731102228164672852e+00
1.925833940505981445e+00
1.500789642333984375e+00
1.371882557868957520e+00
1.506754159927368164e+00
9.142978787422180176e-01
2.743724107742309570e+00
5.369006395339965820e-01
9.405135512351989746e-01
3.223082780838012695e+00
1.311702251434326172e+00
4.685805320739746094e+00
1.410963058471679688e+00
1.747214674949645996e+00
1.733597755432128906e+00
2.650608301162719727e+00
1.245536446571350098e+00
2.534568071365356445e+00
1.487853646278381348e+00
1.091180086135864258e+00
3.364650011062622070e+00
8.566118478775024414e-01
2.689279794692993164e+00
3.679751753807067871e-01
1.354571223258972168e+00
3.245198011398315430e+00
5.044469833374023438e-01
1.604735851287841797e+00
1.520940423011779785e+00
1.032300472259521484e+00
2.563146591186523438e+00
1.428477406501770020e+00
1.246852040290832520e+00
2.257657051086425781e+00
1.571610212326049805e+00
9.752863645553588867e-01
1.895586371421813965e+00
1.065073966979980469e+00
8.336935639381408691e-01
1.128890037536621094e+00
1.320691704750061035e+00
6.027222871780395508e-01
1.704014182090759277e+00
1.589650273323059082e+00
1.092724204063415527e+00
1.637324213981628418e+00
2.152542829513549805e+00
1.566185832023620605e+00
2.376727819442749023e+00
5.962259769439697266e-01
1.001713156700134277e+00
9.818602800369262695e-01
1.494914412498474121e+00
7.373543977737426758e-01
2.902462720870971680e+00
3.164010763168334961e+00
2.386813879013061523e+00
1.056171774864196777e+00
2.919496297836303711e+00
9.813370108604431152e-01
5.534236431121826172e-01
1.772055983543395996e+00
1.052451848983764648e+00
1.558317899703979492e+00
1.972400426864624023e+00
1.754011273384094238e+00
1.283238410949707031e+00
1.109084248542785645e+00
5.778731107711791992e-01
2.139013767242431641e+00
1.017046809196472168e+00
1.335008382797241211e+00
8.396079540252685547e-01
9.776166677474975586e-01
1.688147187232971191e+00
1.439335823059082031e+00
2.135104417800903320e+00
9.748094677925109863e-01
3.064706802368164062e+00
7.744421362876892090e-01
1.075484871864318848e+00
1.269285321235656738e+00
8.425658345222473145e-01
5.152101516723632812e+00
1.133899331092834473e+00
1.347689390182495117e+00
5.683636665344238281e-01
1.068857192993164062e+00
3.005689620971679688e+00
8.638489842414855957e-01
3.674136161804199219e+00
1.232257127761840820e+00
9.698431491851806641e-01
8.502335548400878906e-01
1.850499272346496582e+00
1.451468229293823242e+00
1.430093050003051758e+00
1.198490262031555176e+00
1.368251204490661621e+00
1.835080862045288086e+00
1.158183693885803223e+00
2.671211242675781250e+00
9.827171564102172852e-01
1.682176470756530762e+00
1.356059312820434570e+00
1.119008421897888184e+00
8.572492599487304688e-01
7.819203138351440430e-01
1.861543297767639160e+00
1.119785904884338379e+00
3.602617979049682617e+00
1.026580691337585449e+00
8.278680443763732910e-01
1.158665776252746582e+00
2.373814582824707031e+00
1.381612777709960938e+00
1.636233448982238770e+00
1.333002448081970215e+00
2.074712753295898438e+00
1.971142530441284180e+00
1.086111307144165039e+00
5.088956952095031738e-01
1.808758020401000977e+00
3.047762632369995117e+00
4.934138298034667969e+00
2.713878631591796875e+00
2.638698816299438477e+00
1.329906940460205078e+00
2.876085281372070312e+00
4.524881839752197266e+00
2.360511541366577148e+00
1.463737607002258301e+00
1.865354061126708984e+00
1.304183125495910645e+00
1.732859373092651367e+00
1.794175744056701660e+00
1.875604033470153809e+00
1.368578910827636719e+00
2.942265033721923828e+00
2.157593250274658203e+00
2.381581068038940430e+00
3.478834867477416992e+00
2.190072059631347656e+00
1.272804141044616699e+00
5.028800964355468750e+00
1.861197829246520996e+00
1.324076890945434570e+00
3.110300779342651367e+00
2.324065446853637695e+00
1.190274357795715332e+00
1.215539336204528809e+00
1.697563290596008301e+00
2.309540748596191406e+00
2.056810617446899414e+00
1.258875370025634766e+00
7.327782511711120605e-01
1.146104812622070312e+00
8.419689536094665527e-01
1.652570247650146484e+00
1.395262598991394043e+00
1.938496828079223633e+00
8.652501106262207031e-01
2.059863805770874023e+00
8.897585272789001465e-01
1.104532122611999512e+00
1.318469166755676270e+00
8.349751234054565430e-01
1.396555304527282715e+00
2.499183177947998047e+00
2.215359449386596680e+00
1.113670587539672852e+00
1.251320362091064453e+00
9.045241475105285645e-01
1.459144353866577148e+00
1.294220685958862305e+00
2.617520391941070557e-01
2.066743612289428711e+00
1.337172865867614746e+00
1.449598550796508789e+00
5.957918167114257812e-01
3.055473864078521729e-01
1.397363662719726562e+00
1.376702785491943359e+00
2.703209638595581055e+00
1.500219583511352539e+00
9.383861422538757324e-01
2.480026960372924805e+00
9.489033222198486328e-01
1.470209240913391113e+00
4.634160101413726807e-01
4.029109954833984375e+00
1.009901285171508789e+00
8.059426546096801758e-01
1.698238968849182129e+00
1.577556490898132324e+00
5.526673793792724609e-01
2.335143327713012695e+00
1.454609483480453491e-01
1.678597211837768555e+00
6.750959753990173340e-01
2.047757863998413086e+00
1.049171209335327148e+00
1.407851815223693848e+00
1.974489092826843262e+00
2.089099645614624023e+00
2.185364007949829102e+00
5.699985027313232422e-01
7.384112477302551270e-01
1.830431342124938965e+00
2.003658056259155273e+00
1.496790051460266113e+00
3.428265750408172607e-01
2.431501150131225586e+00
3.421333730220794678e-01
3.130820274353027344e+00
1.778918027877807617e+00
2.880979299545288086e+00
5.449028611183166504e-01
4.813872873783111572e-01
2.714742898941040039e+00
1.226225614547729492e+00
3.034809827804565430e+00
1.397741913795471191e+00
1.197282791137695312e+00
1.033639311790466309e+00
1.587930202484130859e+00
3.363842725753784180e+00
1.189046621322631836e+00
1.673522710800170898e+00
2.074777603149414062e+00
1.642762303352355957e+00
1.642205119132995605e+00
1.682224512100219727e+00
5.755893588066101074e-01
2.617054939270019531e+00
1.049796819686889648e+00
1.469297528266906738e+00
2.520107924938201904e-01
2.245283365249633789e+00
1.220234870910644531e+00
2.143725395202636719e+00
4.640805125236511230e-01
1.012873888015747070e+00
2.773259878158569336e+00
4.937365353107452393e-01
2.058461904525756836e+00
1.145173430442810059e+00
6.091867685317993164e-01
7.575681805610656738e-01
1.175152778625488281e+00
3.845686018466949463e-01
6.663605570793151855e-01
1.326787352561950684e+00
2.652250289916992188e+00
1.401366114616394043e+00
8.585435152053833008e-01
7.110269069671630859e-01
1.134252905845642090e+00
9.385293722152709961e-01
3.099291563034057617e+00
3.122075796127319336e+00
1.762188076972961426e+00
2.744252681732177734e+00
1.106894493103027344e+00
4.002551078796386719e+00
4.465290069580078125e+00
1.799213171005249023e+00
1.392002582550048828e+00
2.457777023315429688e+00
1.496315240859985352e+00
1.115982770919799805e+00
1.886539936065673828e+00
1.347081303596496582e+00
1.347608804702758789e+00
7.102802395820617676e-01
1.190618872642517090e+00
7.320553660392761230e-01
4.130274772644042969e+00
2.315051317214965820e+00
1.209727048873901367e+00
1.624741196632385254e+00
1.422115206718444824e+00
1.588537931442260742e+00
8.685863018035888672e-01
1.361293911933898926e+00
2.727880716323852539e+00
5.131630897521972656e-01
7.759162783622741699e-01
4.317735731601715088e-01
1.006103992462158203e+00
1.483471393585205078e+00
1.844660043716430664e+00
1.896332621574401855e+00
1.197456479072570801e+00
1.459669947624206543e+00
1.068029031157493591e-01
1.440002083778381348e+00
1.136277198791503906e+00
2.393644094467163086e+00
1.615595102310180664e+00
3.337751150131225586e+00
2.616325020790100098e-01
1.702249884605407715e+00
2.456671237945556641e+00
1.739352822303771973e+00
1.440171957015991211e+00
7.362326979637145996e-01
1.857475399971008301e+00
1.886472702026367188e+00
9.460134506225585938e-01
1.706809759140014648e+00
9.497329592704772949e-01
6.920195817947387695e-01
1.555210471153259277e+00
1.496421098709106445e+00
1.631913900375366211e+00
6.787347197532653809e-01
1.249247431755065918e+00
3.953263461589813232e-01
1.576108217239379883e+00
1.120036602020263672e+00
1.470367431640625000e+00
1.956237852573394775e-01
6.572212576866149902e-01
1.197193503379821777e+00
1.345625281333923340e+00
1.644372940063476562e+00
1.255803704261779785e+00
4.853413701057434082e-01
1.397379755973815918e+00
1.589032411575317383e+00
1.331458568572998047e+00
1.884402513504028320e+00
2.807399272918701172e+00
2.134108304977416992e+00
1.353002309799194336e+00
7.567571997642517090e-01
3.469640016555786133e-01
7.651202678680419922e-01
1.678354024887084961e+00
1.404853105545043945e+00
2.807790756225585938e+00
1.272052645683288574e+00
9.150209426879882812e-01
2.086987018585205078e+00
4.066439568996429443e-01
1.369427204132080078e+00
1.352032542228698730e+00
1.936178207397460938e+00
2.476641893386840820e+00
1.054584383964538574e+00
1.291742682456970215e+00
1.257761836051940918e+00
2.016173839569091797e+00
3.953439295291900635e-01
1.642906665802001953e+00
1.153224706649780273e+00
3.431310355663299561e-01
1.724164605140686035e+00
1.541129112243652344e+00
1.128092765808105469e+00
1.306173563003540039e+00
6.452753543853759766e-01
4.166217446327209473e-01
2.358150243759155273e+00
1.634441375732421875e+00
1.498167872428894043e+00
2.755945622920989990e-01
1.389056086540222168e+00
9.717339873313903809e-01
1.630658388137817383e+00
3.331795632839202881e-01
2.060832977294921875e+00
2.716922461986541748e-01
9.818602800369262695e-01
1.357806205749511719e+00
2.065181016921997070e+00
1.392886281013488770e+00
5.314301848411560059e-01
2.904802799224853516e+00
1.198109388351440430e+00
1.002239584922790527e+00
2.915437817573547363e-01
7.875202298164367676e-01
7.626745104789733887e-01
1.074957132339477539e+00
3.941816985607147217e-01
2.827559113502502441e-01
1.455911755561828613e+00
2.742108106613159180e-01
1.038095951080322266e+00
1.340187549591064453e+00
1.488147735595703125e+00
1.291249275207519531e+00
3.691432714462280273e+00
5.786283016204833984e-01
2.083949804306030273e+00
1.979600071907043457e+00
1.548900961875915527e+00
2.165425062179565430e+00
1.525811076164245605e+00
1.543166875839233398e+00
1.696545839309692383e+00
1.785727977752685547e+00
5.211046338081359863e-01
2.062579393386840820e+00
1.392890810966491699e+00
2.196505308151245117e+00
2.377453088760375977e+00
1.211577296257019043e+00
1.183554530143737793e+00
1.239720940589904785e+00
1.984775424003601074e+00
7.387587428092956543e-01
3.080648899078369141e+00
1.856847286224365234e+00
1.761226773262023926e+00
1.251683712005615234e+00
2.204641580581665039e+00
1.372732400894165039e+00
4.222313761711120605e-01
1.445358276367187500e+00
2.194004535675048828e+00
3.117028474807739258e+00
1.794476270675659180e+00
1.375031948089599609e+00
2.429042577743530273e+00
2.073925733566284180e+00
1.348625659942626953e+00
1.144379734992980957e+00
2.203014373779296875e+00
8.567807078361511230e-01
2.909435749053955078e+00
2.760644435882568359e+00
1.595401167869567871e+00
9.790780544281005859e-01
1.810806751251220703e+00
2.636935114860534668e-01
1.430863380432128906e+00
2.846921682357788086e-01
1.098626732826232910e+00
1.023974061012268066e+00
1.270940661430358887e+00
7.929472923278808594e-01
1.377044439315795898e+00
1.331604719161987305e+00
1.195999860763549805e+00
8.764662742614746094e-01
1.251055836677551270e+00
1.377305269241333008e+00
1.158137917518615723e+00
1.204882740974426270e+00
8.558869957923889160e-01
1.283196210861206055e+00
9.964823126792907715e-01
5.931017994880676270e-01
1.242848753929138184e+00
1.208074450492858887e+00
2.431682825088500977e+00
1.409536957740783691e+00
1.697171926498413086e+00
2.272764921188354492e+00
9.462575912475585938e-01
2.946797847747802734e+00
3.172498464584350586e+00
1.369558095932006836e+00
2.131223678588867188e+00
7.731668949127197266e-01
1.951557874679565430e+00
4.750843346118927002e-01
1.699087619781494141e+00
2.366770952939987183e-01
1.889322757720947266e+00
8.560759425163269043e-01
2.616388082504272461e+00
2.169045448303222656e+00
9.551997184753417969e-01
2.223121404647827148e+00
2.740749120712280273e-01
2.606317281723022461e+00
2.951719760894775391e+00
1.026976346969604492e+00
3.825289011001586914e-01
9.002371430397033691e-01
9.769996404647827148e-01
7.345036864280700684e-01
3.739555120468139648e+00
2.575935125350952148e+00
3.170228242874145508e+00
2.047057390213012695e+00
3.976595163345336914e+00
2.020964384078979492e+00
3.719815254211425781e+00
4.541956901550292969e+00
2.099196910858154297e+00
1.446252107620239258e+00
4.528223991394042969e+00
1.568260312080383301e+00
2.115691423416137695e+00
2.234992504119873047e+00
4.724460124969482422e+00
2.257640838623046875e+00
3.964900076389312744e-01
6.485629081726074219e-01
6.482614278793334961e-01
1.516728043556213379e+00
1.685891151428222656e+00
3.512165069580078125e+00
1.154712319374084473e+00
2.167015075683593750e+00
1.331490039825439453e+00
4.214128017425537109e+00
2.071707963943481445e+00
2.489668369293212891e+00
1.364336729049682617e+00
1.244596004486083984e+00
7.675414085388183594e-01
9.990096092224121094e-01
1.156979441642761230e+00
1.726644277572631836e+00
2.479874610900878906e+00
1.942279458045959473e+00
1.280876517295837402e+00
1.695390462875366211e+00
1.195389986038208008e+00
3.030722379684448242e+00
4.521261155605316162e-01
1.291793704032897949e+00
1.080312848091125488e+00
2.790697515010833740e-01
2.496380090713500977e+00
4.849490523338317871e-01
2.421952009201049805e+00
2.482905387878417969e+00
1.845094561576843262e+00
1.893914818763732910e+00
1.910664558410644531e+00
2.197762250900268555e+00
1.747403740882873535e+00
8.991652727127075195e-01
1.458569288253784180e+00
1.673272848129272461e+00
1.049075603485107422e+00
1.061482906341552734e+00
1.347533226013183594e+00
2.602609872817993164e+00
2.212180137634277344e+00
1.248916149139404297e+00
7.706827521324157715e-01
6.663264632225036621e-01
6.260251402854919434e-01
2.073339700698852539e+00
1.650757670402526855e+00
8.929269313812255859e-01
1.914586186408996582e+00
5.554517507553100586e-01
2.403637170791625977e+00
1.641107439994812012e+00
1.052141666412353516e+00
1.252415776252746582e+00
1.740799069404602051e+00
4.134310722351074219e+00
3.540994167327880859e+00
1.571931242942810059e-01
1.367329239845275879e+00
1.584681034088134766e+00
1.273415088653564453e+00
3.932365179061889648e+00
1.596561193466186523e+00
2.654330253601074219e+00
1.682608723640441895e+00
1.656576752662658691e+00
1.800843596458435059e+00
1.516012191772460938e+00
2.363344430923461914e+00
1.449100494384765625e+00
1.819963574409484863e+00
3.678005218505859375e+00
2.070941448211669922e+00
1.166841387748718262e+00
1.622342824935913086e+00
1.685874462127685547e+00
2.814783573150634766e+00
1.374993562698364258e+00
8.145781755447387695e-01
6.128177642822265625e-01
5.931805968284606934e-01
7.479351162910461426e-01
1.536083102226257324e+00
1.451165527105331421e-01
1.300434708595275879e+00
1.198829054832458496e+00
1.235080003738403320e+00
1.652204632759094238e+00
4.479628503322601318e-01
1.787562221288681030e-01
7.964129447937011719e-01
1.592637538909912109e+00
1.461783766746520996e+00
2.324786663055419922e+00
1.171400904655456543e+00
1.117169380187988281e+00
1.737492799758911133e+00
1.251085281372070312e+00
1.341934561729431152e+00
2.752880454063415527e-01
3.320011615753173828e+00
3.430822610855102539e+00
1.362232208251953125e+00
2.508254528045654297e+00
6.146439313888549805e-01
2.072530269622802734e+00
1.468727290630340576e-01
6.356270909309387207e-01
1.130073785781860352e+00
2.058851718902587891e+00
